gssha_input_files/stream/Stream.ele
north: 4297782.463636
south: 4291482.463636
east: 245217.146238
west: 238467.146238
rows: 70
cols: 75
[rows 26 to 51 of 70, columns 0 to 57 of 75]
0.000000 0.000000 0.000000 0.000000 0.000000 0.000000 0.000000 0.000000 0.000000 0.000000 0.000000 0.000000 0.000000 0.000000 0.000000 0.000000 0.000000 0.000000 0.000000 0.000000 0.000000 0.000000 0.000000 0.000000 164.701309 162.051697 159.402100 165.267746 166.000000 162.995407 150.019547 160.976303 154.017685 155.000000 149.855072 151.191864 161.596085 170.267746 164.010284 161.101959 163.274643 164.811539 168.000000 170.000000 171.138062 165.256348 167.000000 169.000000 170.611221 169.337585 171.157791 169.233826 165.519135 167.828003 170.000000 167.000000 167.000000 169.056427
0.000000 0.000000 0.000000 0.000000 0.000000 0.000000 0.000000 0.000000 0.000000 0.000000 0.000000 0.000000 0.000000 0.000000 0.000000 0.000000 0.000000 0.000000 0.000000 0.000000 0.000000 0.000000 0.000000 0.000000 167.000000 168.000000 167.641296 159.861725 156.574478 160.370956 150.000000 152.790314 149.782608 149.806763 149.830917 163.419357 168.000000 166.790314 167.734711 170.209686 170.095947 169.209686 169.000000 170.000000 167.000000 159.366821 167.000000 167.790314 167.927139 168.063950 171.157791 168.933044 163.519135 166.905060 167.452530 168.000000 165.969910 164.939804
0.000000 0.000000 0.000000 0.000000 0.000000 0.000000 0.000000 0.000000 0.000000 0.000000 0.000000 0.000000 0.000000 0.000000 0.000000 0.000000 0.000000 0.000000 0.000000 0.000000 0.000000 0.000000 0.000000 168.000000 167.000000 165.312897 165.312897 159.696060 153.287247 150.000000 149.710159 149.734314 149.758469 166.000000 156.179337 167.047577 161.636017 162.669022 167.000000 170.000000 168.169708 165.312897 169.729202 168.027008 159.285416 159.326111 164.687103 168.000000 170.000000 171.000000 169.000000 170.000000 161.982498 166.357590 170.000000 167.000000 167.039749 163.909714
0.000000 0.000000 0.000000 0.000000 0.000000 0.000000 0.000000 0.000000 0.000000 0.000000 0.000000 0.000000 0.000000 0.000000 0.000000 0.000000 0.000000 0.000000 0.000000 0.000000 0.000000 0.000000 168.000000 166.762665 167.000000 164.000000 161.508469 166.557648 165.900650 156.600922 149.514603 157.643875 156.620239 157.232239 157.874664 159.569992 160.602997 164.000000 165.333328 168.772827 165.293091 163.664139 169.000000 159.203995 159.244705 167.000000 169.164520 170.000000 171.000000 170.000000 168.000000 167.000000 161.731674 164.357590 171.000000 164.960419 162.920853 162.374405
0.000000 0.000000 0.000000 0.000000 0.000000 0.000000 0.000000 0.000000 0.000000 0.000000 0.000000 0.000000 0.000000 0.000000 0.000000 0.000000 0.000000 0.000000 0.000000 0.000000 0.000000 0.000000 166.227249 164.000000 165.015137 166.000000 161.005646 163.358063 159.745728 149.123505 149.319061 164.641937 161.481415 167.000000 163.573135 161.265320 167.037155 168.000000 166.666672 170.380844 163.184326 162.035187 160.406235 159.163300 168.425568 166.016724 167.000000 170.000000 173.000000 169.997589 170.641937 166.000000 161.480865 168.000000 170.000000 168.000000 160.881271 161.627838
0.000000 0.000000 0.000000 0.000000 0.000000 0.000000 0.000000 0.000000 0.000000 0.000000 0.000000 0.000000 0.000000 0.000000 0.000000 0.000000 0.000000 0.000000 0.000000 0.000000 0.000000 0.000000 162.924240 161.000000 163.042267 165.000000 160.502823 160.000000 157.207794 148.765442 152.192383 168.000000 165.250061 158.880646 162.880646 164.000000 166.119354 167.000000 169.000000 166.045456 161.423019 165.668579 158.977417 159.122589 164.050171 165.033447 167.000000 170.000000 171.814972 169.996246 163.404221 161.808426 161.058121 168.000000 171.000000 162.995880 160.134705 160.630829
0.000000 0.000000 0.000000 0.000000 0.000000 0.000000 0.000000 0.000000 0.000000 0.000000 0.000000 0.000000 0.000000 0.000000 0.000000 0.000000 0.000000 0.000000 0.000000 0.000000 0.000000 0.000000 164.000000 159.680756 165.915466 159.355133 162.000000 153.403214 146.608276 147.686859 160.699249 158.350388 158.253983 157.245636 158.575333 163.137894 164.068954 167.000000 168.000000 165.824051 159.139160 158.687057 158.832230 164.983887 165.887482 166.753311 164.793701 170.000000 170.000000 168.000000 165.000000 160.212646 160.635391 168.259033 167.520218 168.000000 159.430267 164.403214
0.000000 0.000000 0.000000 0.000000 0.000000 0.000000 0.000000 0.000000 0.000000 0.000000 0.000000 0.000000 0.000000 0.000000 0.000000 0.000000 0.000000 0.000000 0.000000 0.000000 0.000000 0.000000 165.074203 158.361511 157.042267 155.972321 154.902390 151.000000 145.529694 147.328400 149.127090 150.925797 152.925797 155.072067 164.000000 163.883072 165.000000 168.000000 168.219299 164.897537 159.885559 154.000000 162.060333 165.896790 168.000000 163.512589 164.450409 171.000000 169.834702 165.926086 165.062485 157.680679 170.035675 168.690079 163.248550 162.141525 158.725845 158.021408
0.000000 0.000000 0.000000 0.000000 0.000000 0.000000 0.000000 0.000000 0.000000 0.000000 0.000000 0.000000 0.000000 0.000000 0.000000 0.000000 0.000000 0.000000 0.000000 0.000000 0.000000 168.000000 165.448380 165.356995 161.000000 163.000000 153.832443 148.204361 145.519577 157.213821 153.597244 163.463104 159.551620 165.227051 164.551620 167.000000 168.000000 168.000000 166.219299 160.448380 163.794815 151.000000 160.134537 165.987885 161.636932 162.574753 168.000000 172.000000 170.477509 164.551620 156.347946 157.014313 167.336014 169.000000 164.355560 161.034515 156.739136 157.380264
0.000000 0.000000 0.000000 0.000000 0.000000 0.000000 0.000000 0.000000 0.000000 0.000000 0.000000 0.000000 0.000000 0.000000 0.000000 0.000000 0.000000 0.000000 0.000000 0.000000 0.000000 166.486847 165.000000 163.029037 156.956512 154.970963 155.251785 145.499329 145.509445 147.234558 150.415894 162.970963 165.257324 162.547409 165.000000 166.000000 168.000000 165.969284 163.196625 156.000000 154.000000 150.960678 150.921356 156.545639 159.091293 164.029037 168.000000 166.970963 162.966156 155.015228 155.681580 161.009277 166.505173 167.000000 161.774902 159.069031 156.097992 160.682388
0.000000 0.000000 0.000000 0.000000 0.000000 0.000000 0.000000 0.000000 0.000000 0.000000 0.000000 0.000000 0.000000 0.000000 0.000000 0.000000 0.000000 0.000000 0.000000 167.000000 165.493546 165.473114 158.000000 155.289734 155.000000 151.012909 145.479080 145.489197 163.396103 152.765442 151.061050 151.730209 163.616959 159.387787 165.000000 167.000000 164.000000 164.000000 160.000000 158.000000 160.506454 163.064255 150.882050 154.000000 165.000000 161.177307 161.493546 159.000000 153.682495 154.348862 156.157791 161.000000 163.743546 161.959457 155.493546 155.695023 155.896515 164.351120
0.000000 0.000000 0.000000 0.000000 0.000000 0.000000 0.000000 0.000000 0.000000 0.000000 0.000000 0.000000 0.000000 0.000000 0.000000 0.000000 0.000000 0.000000 0.000000 0.000000 164.983871 163.976257 164.983871 165.000000 157.015442 152.932938 145.468948 151.534393 165.000000 159.234558 160.821716 152.399368 153.068527 156.228149 167.000000 165.011841 164.000000 160.000000 159.980347 163.631439 165.000000 162.419189 150.842728 158.946426 159.204666 155.344437 154.000000 153.016129 153.016129 155.000000 155.155243 154.032242 152.124268 153.248550 154.372818 161.967758 157.666672 157.687485
0.000000 0.000000 0.000000 0.000000 0.000000 0.000000 0.000000 0.000000 0.000000 0.000000 0.000000 0.000000 0.000000 0.000000 0.000000 0.000000 0.000000 0.000000 0.000000 0.000000 166.000000 163.320450 165.000000 163.796204 154.270126 153.601532 145.458832 145.448700 157.077408 161.000000 163.645401 163.461304 161.711349 159.588394 166.000000 166.000000 161.047867 158.480942 159.000000 167.000000 146.710846 146.802490 146.894135 146.985764 147.077408 148.308044 149.538696 150.000000 150.199997 150.399994 150.600006 150.800003 151.000000 155.818893 166.734756 171.034515 169.049622 157.708298
0.000000 0.000000 0.000000 0.000000 0.000000 0.000000 0.000000 0.000000 0.000000 0.000000 0.000000 0.000000 0.000000 0.000000 0.000000 0.000000 0.000000 0.000000 0.000000 0.000000 167.000000 163.028992 161.426620 157.906265 154.938721 163.119278 145.719284 145.438583 151.433105 153.234558 164.068542 163.039474 162.826553 160.000000 164.000000 166.000000 164.000000 157.877441 156.517288 155.157135 146.619217 146.527573 146.435944 146.344299 154.688889 164.322052 166.938721 167.938721 165.122559 151.275543 166.929047 151.818176 156.233994 157.554672 168.000000 171.000000 167.127029 157.729111
0.000000 0.000000 0.000000 0.000000 0.000000 0.000000 0.000000 0.000000 0.000000 0.000000 0.000000 0.000000 0.000000 0.000000 0.000000 0.000000 0.000000 0.000000 0.000000 0.000000 0.000000 164.000000 162.832275 161.951263 162.416138 166.585052 154.977768 145.157867 148.000000 153.916031 154.198120 156.000000 164.166077 166.999023 164.000000 166.000000 166.000000 166.416138 165.635437 153.796982 150.583862 150.583862 150.291931 146.252655 154.089264 153.583862 155.150558 155.867218 153.026611 152.151077 164.157791 152.836365 153.854538 158.875366 159.026093 159.176834 170.000000 159.711426
0.000000 0.000000 0.000000 0.000000 0.000000 0.000000 0.000000 0.000000 0.000000 0.000000 0.000000 0.000000 0.000000 0.000000 0.000000 0.000000 0.000000 0.000000 0.000000 0.000000 0.000000 164.106445 164.000000 164.106445 164.106445 160.225723 155.893555 144.769379 144.380875 148.944092 150.787109 156.911484 164.106445 164.150253 164.000000 166.106445 166.000000 165.000000 160.598999 157.197983 161.493668 145.977737 146.069382 146.161026 148.893555 152.787109 154.433914 157.574219 153.902145 154.777695 161.365097 168.285339 154.872726 167.961929 161.202988 159.327560 167.106445 168.515656
0.000000 0.000000 0.000000 0.000000 0.000000 0.000000 0.000000 0.000000 0.000000 0.000000 0.000000 0.000000 0.000000 0.000000 0.000000 0.000000 0.000000 0.000000 0.000000 0.000000 0.000000 164.000000 164.000000 161.896683 166.699692 156.163528 156.719177 153.048813 143.992386 153.950607 158.000000 162.741959 160.267776 162.133881 164.000000 163.734680 162.000000 164.000000 164.000000 159.258041 159.629028 145.886108 156.184448 157.370972 156.811462 159.000000 159.701431 160.000000 160.258041 155.653229 156.528763 168.319321 155.890915 167.357590 170.072723 159.478302 159.629028 161.527954
0.000000 0.000000 0.000000 0.000000 0.000000 0.000000 0.000000 0.000000 0.000000 0.000000 0.000000 0.000000 0.000000 0.000000 0.000000 0.000000 0.000000 0.000000 0.000000 0.000000 165.000000 164.401382 157.690048 159.793365 157.957733 152.169693 156.719177 157.733109 143.603897 148.000000 151.073029 161.151611 158.401657 164.937607 164.151611 162.111374 161.864136 158.093842 163.151611 156.380844 145.702820 145.794464 163.134537 164.848389 164.848389 167.702988 170.922440 166.571106 165.088058 163.000000 162.982254 157.927277 156.909088 164.218842 169.317932 166.882904 169.234802 163.426895
0.000000 0.000000 0.000000 0.000000 0.000000 0.000000 0.000000 0.000000 0.000000 0.000000 0.000000 0.000000 0.000000 0.000000 0.000000 0.000000 0.000000 0.000000 0.000000 0.000000 163.898483 160.798935 155.467407 153.066406 151.957733 147.674179 156.393372 154.116547 143.399994 146.325821 147.174179 148.022552 153.000000 165.411606 160.240128 157.322418 162.103775 152.674179 153.893494 148.569183 145.611191 158.243790 161.674179 157.964203 163.674179 168.000000 165.117096 165.531616 165.946152 167.001221 167.000000 158.945450 159.963638 163.750748 168.934113 172.000000 172.494232 165.185089
0.000000 0.000000 0.000000 0.000000 0.000000 0.000000 0.000000 0.000000 0.000000 0.000000 0.000000 0.000000 0.000000 0.000000 0.000000 0.000000 0.000000 0.000000 0.000000 0.000000 0.000000 164.000000 160.975189 154.836304 157.803238 145.782791 143.891388 145.355316 143.000000 150.803238 158.620834 153.589050 163.557266 162.277756 155.083984 151.144562 161.196762 152.057755 146.707565 148.353790 145.519547 145.427917 155.191711 157.196762 157.196762 158.659180 164.702560 168.326828 171.000000 170.996979 167.000000 166.638657 160.981812 164.000000 165.000000 166.000000 168.000000 170.000000
0.000000 0.000000 0.000000 0.000000 0.000000 0.000000 0.000000 0.000000 0.000000 0.000000 0.000000 0.000000 0.000000 0.000000 0.000000 0.000000 0.000000 0.000000 0.000000 0.000000 0.000000 164.000000 164.000000 163.561310 156.707489 158.399933 142.000000 142.699997 142.800003 159.234558 165.000000 164.753448 161.969406 155.874680 153.437347 151.000000 150.748474 144.512665 145.061356 145.153000 145.244629 145.336273 154.464966 163.561310 158.789047 161.280655 170.000000 171.418564 173.000000 170.996246 167.000000 167.000000 162.000000 168.280655 168.084595 166.753860 170.000000 170.000000
0.000000 0.000000 0.000000 0.000000 0.000000 0.000000 0.000000 0.000000 0.000000 0.000000 0.000000 0.000000 0.000000 0.000000 0.000000 0.000000 0.000000 0.000000 0.000000 0.000000 0.000000 161.000000 162.000000 164.796204 156.409805 153.241928 141.776108 142.674072 154.912247 164.572891 159.853958 163.174820 164.000000 158.312027 151.000000 149.177734 143.157013 143.834839 156.538773 158.516144 155.816605 161.928375 157.748322 165.993469 169.000000 168.734604 172.000000 164.876785 165.407227 172.000000 169.877686 167.000000 163.519135 166.844589 171.000000 166.766418 169.000000 169.781250
0.000000 0.000000 0.000000 0.000000 0.000000 0.000000 0.000000 0.000000 0.000000 0.000000 0.000000 0.000000 0.000000 0.000000 0.000000 0.000000 0.000000 0.000000 0.000000 0.000000 161.076080 157.458847 163.000000 162.812500 154.957733 141.328308 141.552200 143.011108 156.396103 159.529938 157.816116 165.000000 163.250061 153.000000 149.573135 148.000000 142.479187 150.928635 153.235489 160.502182 160.329895 165.165771 160.496704 163.245087 167.000000 170.000000 167.011917 164.346329 165.361862 170.000000 170.000000 168.000000 167.000000 168.000000 171.000000 168.042633 170.000000 170.000000
0.000000 0.000000 0.000000 0.000000 0.000000 0.000000 0.000000 0.000000 0.000000 0.000000 0.000000 0.000000 0.000000 0.000000 0.000000 0.000000 0.000000 0.000000 0.000000 0.000000 150.376541 153.917694 161.000000 154.287094 148.244827 141.104401 142.399155 148.000000 159.000000 154.388458 156.102280 161.000000 162.000000 156.118164 152.877457 148.000000 141.801361 148.942245 156.843658 161.287094 162.900421 157.202087 164.038620 167.712906 164.574173 158.936996 157.511627 156.781326 166.452377 164.283325 166.174606 169.059433 170.000000 169.000000 171.000000 170.000000 171.000000 170.701996
0.000000 0.000000 0.000000 0.000000 0.000000 0.000000 0.000000 0.000000 0.000000 0.000000 0.000000 0.000000 0.000000 0.000000 0.000000 0.000000 0.000000 0.000000 0.000000 161.959702 149.537399 154.336548 156.199768 147.796204 139.028702 139.809662 143.909515 149.509659 151.019333 152.703888 160.000000 160.894638 163.297653 157.489944 155.000000 148.000000 141.123535 149.010986 151.809662 152.000000 152.352051 156.486404 164.969818 167.032150 158.377090 151.142960 151.170837 151.198715 152.791046 157.995529 159.402603 156.587921 157.345810 171.190338 170.000000 172.000000 173.000000 173.000000
0.000000 0.000000 0.000000 0.000000 0.000000 0.000000 0.000000 0.000000 0.000000 0.000000 0.000000 0.000000 0.000000 0.000000 0.000000 0.000000 0.000000 0.000000 0.000000 152.814529 148.698273 147.859131 152.088287 143.000000 138.247726 143.000000 146.152542 148.395569 152.528992 159.902313 163.951233 163.332245 161.167877 154.332245 154.000000 147.822830 140.998322 145.667755 146.740616 146.765244 146.789871 151.628326 157.664490 151.491821 151.087219 151.115097 164.667755 162.559158 153.556320 154.314224 155.072113 155.830017 158.103714 170.000000 170.000000 173.000000 174.000000 175.000000
