gssha_input_files/brays_bayou/brays_harvey.ele
north: 3295138.829302
south: 3278538.829302
east: 273974.547421
west: 239874.547421
rows: 166
cols: 341
[rows 104 to 129 of 166, columns 180 to 239 of 341]
19.698404 19.576691 19.400000 19.200001 19.100000 18.973932 18.807337 18.798622 18.700001 18.600000 18.500000 18.400000 18.300001 18.265566 18.200001 18.300001 18.300001 18.300001 18.300001 18.300001 18.196110 17.977818 17.672647 16.500000 17.042572 17.600000 17.599977 17.500000 17.500000 17.411678 17.400000 17.300001 17.200001 17.100000 17.000000 16.847008 16.900000 17.000000 17.091564 17.100000 17.000000 16.900000 16.800001 14.897757 14.879717 16.885695 17.075655 17.198969 17.400000 17.532610 17.700001 17.900000 18.100000 18.300001 18.300001 18.300001 18.300001 18.300001 18.300001 18.300001
19.757332 19.700001 19.575436 19.400000 19.234184 19.000000 18.900000 18.900000 18.800001 18.790859 18.699423 18.582735 18.427923 18.400000 18.300001 18.300001 18.300001 18.300001 18.300001 18.300001 18.300001 18.300001 18.300001 17.536037 17.392885 17.700001 17.700001 17.700001 17.617634 17.600000 17.500000 17.400000 17.300001 17.206514 17.131182 17.100000 17.100000 17.199007 17.100000 17.100000 17.000000 16.900000 14.900760 14.899870 16.921051 17.004068 17.343607 17.544758 17.679502 17.754923 17.800001 17.895973 18.098858 18.300001 18.300001 18.300001 18.300001 18.300001 18.300001 18.300001
19.862484 19.900000 19.800001 19.692989 19.295292 18.932581 18.800001 18.800001 18.800001 18.800001 18.800001 18.700001 18.617794 18.500000 18.304281 18.200001 18.100000 18.069687 18.023289 18.100000 18.300001 17.979908 18.003214 18.499876 17.723288 17.806070 17.876711 17.814135 17.800001 17.722574 17.700001 17.600044 17.500107 17.400000 17.300001 17.289192 17.300001 17.200001 17.100000 17.006565 17.000000 16.900000 14.906294 17.184280 17.399876 17.575882 17.791372 17.897905 17.931927 17.998833 18.000000 18.049826 18.094578 18.300001 18.300001 18.300001 18.300001 18.300001 18.300001 18.300001
19.990566 20.280720 20.518797 19.625835 18.830210 18.602249 18.575392 18.600260 18.700001 18.700001 18.700001 18.700001 18.700001 18.600000 18.500000 18.400000 18.288185 18.099936 17.976160 17.900000 17.859644 17.619432 17.686209 18.399536 17.900116 18.000000 18.000000 18.000000 17.999784 17.900000 17.800001 17.700001 17.600000 17.500000 17.400000 17.389221 17.300001 17.200001 17.100000 17.000000 16.900000 14.900126 14.902508 17.662224 17.844885 17.918671 18.276247 18.256735 18.300001 18.300003 18.294537 18.300001 18.200001 18.300001 18.300001 18.300001 18.300001 18.300001 18.300001 18.300001
20.094580 20.705935 20.862143 18.966532 18.392492 18.300001 18.300001 18.302126 18.408062 18.500000 18.500000 18.524187 18.600000 18.600000 18.500000 18.500000 18.400000 18.299814 18.177559 18.072577 17.578226 17.150702 16.798727 16.801359 18.155365 18.200001 18.200001 18.193861 18.100000 18.033171 17.975872 17.869928 17.796272 17.700090 17.554430 17.400000 17.300001 17.153303 17.097704 16.976412 16.900000 14.909719 18.297316 18.291117 18.300001 18.300001 18.300001 18.300001 18.300001 18.300001 18.300001 18.500000 18.485460 18.421446 18.386011 18.300001 18.300001 18.300001 18.300001 18.300001
20.100000 20.879833 20.752464 18.914692 18.400000 18.500000 18.400000 18.300001 18.300001 18.300001 18.367943 18.400000 18.400000 18.500000 18.500000 18.500000 18.400000 18.400000 18.300001 18.199690 17.840179 16.998644 16.500000 16.500000 18.394981 18.300001 18.300001 18.300001 18.300001 18.100000 18.100000 18.000000 17.969725 17.836349 17.700216 17.500000 17.268286 17.101221 17.000219 16.900000 14.899840 14.904722 18.300001 18.300001 18.300001 18.300001 18.300001 18.300001 18.300001 18.300001 18.309412 18.566801 19.071995 19.112804 18.881399 18.500553 18.344444 18.300001 18.300001 18.300001
20.161711 20.707157 20.029173 18.940193 18.301208 18.479265 18.500000 18.400000 18.325405 18.300001 18.300001 18.300001 18.300001 18.348022 18.402187 18.500000 18.500000 18.485809 18.384731 18.474302 17.825586 17.099009 16.500000 16.500000 18.414471 18.454546 18.300001 18.300001 18.200001 18.200001 18.277821 18.200001 18.100000 18.000000 17.834492 17.600075 17.200001 16.966658 16.803423 14.926275 14.903601 18.300001 18.300001 18.300001 18.300001 18.300001 18.300001 18.300001 18.300001 18.303139 18.306274 18.694157 19.393940 19.805471 19.301453 18.800491 18.600000 18.600000 18.500000 18.300001
20.106256 20.300001 19.863836 18.911015 18.300001 18.400000 18.500000 18.500000 18.400545 18.304672 18.300001 18.300001 18.300001 18.300001 18.300087 18.324562 18.603254 18.799484 18.681541 18.598852 18.191877 17.499388 16.915234 17.010857 18.410444 18.600000 18.579948 18.312475 18.300001 18.250900 18.300001 18.300001 18.200001 18.200001 18.100071 17.766817 17.189682 16.900259 14.904678 14.930694 18.300001 18.300001 18.300001 18.300001 18.300001 18.300001 18.300001 18.300001 18.300001 18.300001 18.598389 19.018881 19.497881 19.802551 19.497303 19.100000 18.841715 18.700001 18.597012 18.300001
20.100000 20.002934 19.812658 18.875359 18.300001 18.400000 18.404181 18.500000 18.500000 18.400000 18.400000 18.428049 18.508835 18.563648 18.584242 18.417459 17.327026 17.415697 17.504372 17.593042 18.644859 18.041832 18.149958 18.977947 18.427826 18.700001 18.700001 18.500000 18.300001 18.300001 18.300001 18.300001 18.300001 18.300001 18.264940 17.764416 17.163708 14.905494 14.906348 18.127354 18.300001 18.300001 18.300001 18.300001 18.300001 18.300001 18.300001 18.474018 18.500000 18.583471 18.799225 19.233780 19.600000 19.800001 19.551733 19.300196 19.077579 18.849585 18.600000 18.387043
19.986547 19.996130 19.811007 18.864708 18.300001 18.300001 18.400000 18.500000 18.500000 18.600000 18.701494 18.891279 19.085423 19.161177 19.085844 18.978991 17.238354 17.149681 17.770388 17.681717 18.818943 18.347143 19.224747 20.673904 18.731964 19.233913 19.141533 18.796623 18.403820 18.375923 18.400000 18.300001 18.300001 18.300001 18.239067 17.532312 14.900204 14.900820 17.844044 18.300001 18.300001 18.300001 18.300001 18.300001 18.300001 18.300001 18.397141 18.600000 18.700001 18.800001 19.019484 19.372881 19.595299 19.800001 19.600000 19.400000 19.200001 19.000000 18.877785 18.871943
19.872017 19.978247 19.800001 18.822809 18.300001 18.367874 18.500000 18.640938 18.907650 19.271774 19.454870 19.609051 19.719090 19.673056 19.554277 19.500000 19.430445 17.061008 17.859060 17.947733 18.799217 18.366720 18.828611 21.989815 20.127857 19.900646 19.934217 19.436369 18.877663 18.592499 18.500000 18.400000 18.300001 18.300001 17.586023 14.949898 14.927827 18.300001 18.300032 18.300001 18.300001 18.300001 18.300001 18.300001 18.300001 18.386068 18.498211 18.700001 18.800001 18.999498 19.200001 19.398439 19.598892 19.800001 19.600000 19.474939 19.395145 19.286757 19.200001 19.199787
19.700001 19.728226 19.807520 18.699726 18.306021 18.674675 19.058594 17.268396 17.182871 20.097689 20.099936 20.000000 20.000000 20.000025 19.989231 19.982147 19.975065 16.972336 16.883663 18.036406 19.123034 19.673372 19.982485 19.959019 18.633675 19.630280 19.948439 19.699852 19.212772 18.699999 18.400024 18.300001 18.300001 15.900380 15.211183 14.978021 16.911509 18.300001 18.300001 18.300001 18.300001 18.300001 18.300001 18.300001 18.304129 18.398636 18.600000 18.800001 18.898584 19.100000 19.220531 19.421133 19.621740 19.800001 19.600000 19.500000 19.500000 19.587885 19.537004 19.459776
19.418982 19.321159 19.030220 18.702017 18.704306 19.532896 19.974749 17.353924 17.097345 19.987629 19.898748 19.715145 19.800388 20.000000 20.117962 20.200001 20.179306 19.670341 16.794991 18.125078 18.983667 19.356720 20.400763 20.439672 18.400000 18.798788 18.767492 18.981525 19.300001 19.034021 18.300001 15.915837 15.923415 15.900162 17.151999 17.299744 17.890154 18.300001 18.300001 18.300001 18.300001 18.312183 18.400000 18.300001 18.400000 18.540194 18.700001 18.860308 19.000000 19.097988 19.300001 19.500000 19.649975 19.800001 19.600000 19.500000 19.500000 19.800001 19.700001 19.534819
19.139439 19.013941 18.209181 18.123655 18.038130 20.447033 20.494345 17.439449 17.011820 18.912117 19.030972 19.300001 19.700916 20.000366 20.200001 20.400000 20.287804 19.544811 16.706318 18.213751 18.443998 18.400000 19.369558 19.141384 18.400000 18.400000 18.300001 18.300001 18.324669 15.920222 15.920695 15.902588 17.113752 17.302912 17.495464 17.600000 17.890196 18.165182 18.300001 18.300001 18.300001 18.400000 18.500000 18.379511 18.491087 18.648438 18.800001 18.921980 19.100000 19.200001 19.386429 19.500000 19.700001 19.800001 19.600000 19.500000 19.568407 20.749693 0.000000 19.600000
18.800001 18.380234 18.294706 19.943256 17.952604 20.524235 20.201908 17.524975 16.926292 16.840769 18.682127 19.369099 20.127577 20.490009 20.572100 20.754587 16.440302 16.528973 16.617645 18.302423 18.532896 18.400000 18.433163 18.476103 18.517340 18.300001 18.300001 18.175251 15.911728 15.911901 17.354441 17.342724 17.570375 17.697454 17.790087 17.838985 17.970413 18.191717 18.300001 18.300001 18.300001 18.397200 18.600000 18.600000 18.700001 18.800001 18.899374 19.079037 19.200001 19.300001 19.400000 19.599874 19.700001 19.802618 19.600000 19.522802 19.545605 19.795294 0.000000 0.000000
20.464745 18.465759 18.770424 20.063845 17.867079 17.781551 17.696026 17.610500 18.500000 16.755241 18.814461 19.804628 20.783676 21.175354 21.170876 21.099920 16.351627 16.262957 16.174282 18.408037 18.838160 18.499485 18.466324 18.806416 18.400000 18.300001 15.962422 15.958777 15.915006 17.922321 17.959438 17.906538 18.000000 18.000000 18.000000 18.053013 18.100000 18.200001 18.300001 18.300001 18.300001 18.500000 18.700001 18.800001 18.900000 19.000000 19.100000 19.200001 19.300001 19.400000 19.500000 19.599041 19.800001 19.700001 19.700001 19.700001 19.735121 19.800001 0.000000 0.000000
19.789061 18.681499 18.018911 17.968300 17.917688 19.541750 19.315588 16.498665 16.584190 16.669716 19.144444 20.342281 21.363771 21.700001 21.611618 21.544010 21.131224 20.598562 16.085611 19.638090 18.471607 18.485546 20.682177 18.579641 18.300001 15.930689 15.944990 18.267790 18.400000 18.400000 18.302210 18.300001 18.336384 18.300001 18.300001 18.300001 18.300213 18.300001 18.368658 18.385546 18.377596 18.600000 18.800001 18.921455 19.087116 19.183136 19.277117 19.298658 19.400000 19.500000 19.600000 19.700001 19.800001 19.709684 19.800001 20.138683 21.668413 0.000000 0.000000 0.000000
19.705202 18.120134 18.069523 21.774878 18.319601 17.598892 18.825089 16.413137 16.327612 16.242086 19.642288 20.856810 21.700001 21.800001 21.800001 21.800001 21.128012 20.034182 15.996938 19.972380 18.457668 21.685350 22.045395 15.907500 15.919747 15.928430 18.400442 18.561329 18.627167 18.625134 18.600000 18.600000 18.600000 18.573660 18.504423 18.557072 18.500000 18.514416 18.600000 18.600000 18.637243 18.800001 18.986549 19.100000 19.198895 19.299444 19.400000 19.500000 19.531952 19.612148 19.700001 19.800001 0.000000 0.000000 0.000000 0.000000 0.000000 0.000000 0.000000 0.000000
18.221355 18.170746 18.100000 21.032461 20.588177 17.252499 16.384491 18.600000 16.071035 16.156561 20.205654 20.985380 21.335836 21.380356 21.521406 21.543072 20.653902 15.908660 15.908266 15.904439 15.898513 15.903656 15.900887 15.899917 18.500000 18.600000 18.700001 18.798832 18.800001 18.876303 18.869528 18.863575 18.845686 18.827803 18.809927 18.861588 18.843727 18.825876 18.869459 18.889128 18.941727 19.022646 19.199818 19.300001 19.400000 19.500000 19.594873 19.599518 19.700001 19.800001 19.800001 0.000000 0.000000 0.000000 0.000000 0.000000 0.000000 0.000000 0.000000 0.000000
19.300810 18.495213 18.097744 20.298748 20.900284 19.727962 16.091187 15.982210 15.985509 19.540363 20.401749 20.589441 20.538282 20.556198 20.804018 20.688215 19.947882 15.907674 18.697243 18.400000 18.488089 18.538910 18.572107 18.603537 18.754599 18.836784 18.900000 18.994736 19.000000 19.034504 19.070158 19.100000 19.100000 19.132465 19.200008 19.192236 19.184294 19.176355 19.169081 19.191406 19.200001 19.300001 19.400000 19.467840 19.585993 19.674387 19.699862 19.800001 19.800001 0.000000 0.000000 0.000000 0.000000 0.000000 0.000000 0.000000 0.000000 0.000000 0.000000 0.000000
19.400000 18.569288 18.006306 19.871038 20.805037 20.359818 19.659615 15.900282 15.899983 20.116255 19.889652 19.788822 19.441547 19.318161 19.675501 15.901289 15.924161 15.912510 18.347223 18.500000 18.700001 18.800001 18.873894 18.930832 19.000000 19.100000 19.123499 19.196161 19.200001 19.239071 19.300001 19.303732 19.392195 19.437056 19.519411 19.501173 19.500000 19.500263 19.400000 19.393478 19.400000 19.500000 19.600000 19.692694 19.748404 19.800001 19.800001 0.000000 0.000000 0.000000 0.000000 0.000000 0.000000 0.000000 0.000000 0.000000 0.000000 0.000000 0.000000 0.000000
17.731989 17.823427 17.914865 19.413403 20.497784 20.367153 19.723684 18.841587 15.903213 15.908935 15.918202 15.926343 15.941081 15.914942 15.955338 15.919924 18.497128 18.600000 18.632626 18.699999 18.840738 19.000000 19.100000 19.200001 19.263575 19.300001 19.300001 19.300041 19.390154 19.400000 19.490551 19.499975 19.600000 19.680847 19.790804 19.800001 19.788113 19.700001 19.500000 19.503311 19.600000 19.700001 19.800001 19.800001 0.000000 0.000000 0.000000 0.000000 0.000000 0.000000 0.000000 0.000000 0.000000 0.000000 0.000000 0.000000 0.000000 0.000000 0.000000 0.000000
17.640551 17.549110 18.192785 19.276508 20.012903 19.951391 19.331675 18.380365 15.994652 16.086090 18.449671 18.292107 18.490810 18.572647 18.602877 18.700001 18.795614 18.887091 18.900949 19.000000 19.090094 19.200001 19.335581 19.463173 19.500000 19.500000 19.500000 19.500000 19.500000 19.544018 19.600000 19.700001 19.800001 19.793200 19.800001 19.900103 19.800001 19.784697 19.698549 19.709160 19.800001 0.000000 0.000000 0.000000 0.000000 0.000000 0.000000 0.000000 0.000000 0.000000 0.000000 0.000000 0.000000 0.000000 0.000000 0.000000 0.000000 0.000000 0.000000 0.000000
19.700001 17.457672 17.183355 17.091917 19.432039 19.431509 16.634724 16.543285 16.268969 16.177528 18.700001 18.774618 18.811552 18.864202 18.900440 18.976028 19.009096 19.100000 19.105476 19.200001 19.218616 19.389484 19.500448 19.700001 19.700001 19.682339 19.600000 19.670122 19.667311 19.700012 19.796595 20.000000 19.993437 19.840841 19.800001 19.900000 19.900000 19.800001 19.800001 0.000000 0.000000 0.000000 0.000000 0.000000 0.000000 0.000000 0.000000 0.000000 0.000000 0.000000 0.000000 0.000000 0.000000 0.000000 0.000000 0.000000 0.000000 0.000000 0.000000 0.000000
19.816538 17.366234 17.274796 17.000479 16.909040 16.817600 16.726162 16.451845 16.360407 18.733095 18.900000 19.011866 19.100000 19.165613 19.184256 19.211473 19.266836 19.300001 19.300001 19.374535 19.400000 19.500000 19.600000 19.829123 19.999977 19.800001 19.800190 19.900000 19.896635 19.869635 19.879555 20.243467 20.298189 20.100000 19.991455 0.000000 0.000000 0.000000 0.000000 0.000000 0.000000 0.000000 0.000000 0.000000 0.000000 0.000000 0.000000 0.000000 0.000000 0.000000 0.000000 0.000000 0.000000 0.000000 0.000000 0.000000 0.000000 0.000000 0.000000 0.000000
20.012642 18.844646 18.326200 18.500000 18.900000 19.000000 18.795845 18.300001 16.460636 18.856544 19.100000 19.239222 19.300617 19.394756 19.400000 19.400000 19.400000 19.482792 19.463343 19.500000 19.510193 19.582129 19.600000 19.764845 20.100000 20.191301 20.182753 20.228930 20.266388 20.360897 20.569502 20.909676 20.630123 0.000000 0.000000 0.000000 0.000000 0.000000 0.000000 0.000000 0.000000 0.000000 0.000000 0.000000 0.000000 0.000000 0.000000 0.000000 0.000000 0.000000 0.000000 0.000000 0.000000 0.000000 0.000000 0.000000 0.000000 0.000000 0.000000 0.000000
