gssha_input_files/brays_bayou/brays_harvey.ele
north: 3295138.829302
south: 3278538.829302
east: 273974.547421
west: 239874.547421
rows: 166
cols: 341
[rows 78 to 103 of 166, columns 180 to 239 of 341]
19.131056 19.154371 19.200001 19.335367 19.500000 19.601858 19.700001 19.800001 19.800001 19.700001 19.558519 19.400000 19.295164 19.100000 18.897703 18.653959 18.400000 17.474215 18.106567 18.200001 18.293270 18.200001 18.199978 18.000000 17.799072 17.500000 17.300001 17.200001 17.100000 17.078358 17.012114 17.000000 17.000000 17.000000 19.070637 17.000000 17.000000 17.000000 17.000000 17.000000 17.000000 16.900000 16.900000 16.906086 16.922609 16.900000 16.800001 16.800001 16.800001 16.701765 16.304947 15.800236 15.600000 16.820478 15.500000 16.103170 15.807755 15.306453 15.200000 15.200000
19.100000 19.100000 19.143158 19.300001 19.500000 19.600000 19.700001 19.800001 19.800001 19.700001 19.596115 19.400000 19.296431 19.100000 18.900000 18.629009 18.400000 17.431448 17.900000 18.104698 18.200001 18.300001 18.300001 18.198528 17.899912 17.516880 17.200260 17.007952 17.000000 17.000000 17.000000 16.928827 16.912460 16.916798 19.000000 18.900000 16.954409 16.910625 17.000000 16.900000 16.900000 16.900000 16.802639 16.800001 16.900805 16.800001 16.800001 16.800001 16.800001 16.701305 16.200001 15.801555 15.600000 16.796495 15.500000 16.260370 16.132338 15.400603 15.278005 15.255361
19.003328 19.006363 19.100000 19.284029 19.400248 19.600000 19.700001 19.800001 19.800001 19.700001 19.599516 19.400000 19.295889 19.099468 18.899460 18.696602 18.496840 17.388680 17.345913 17.303146 18.300001 18.300001 18.300001 18.300001 18.300001 17.892160 17.010929 16.900000 16.900000 16.900000 16.900000 16.900000 16.900000 16.900000 16.900000 18.900000 18.859177 16.900000 16.900000 16.900000 16.800001 17.419035 16.800001 16.800001 16.800001 16.800001 16.800001 16.800001 16.800001 16.702503 16.169827 15.768044 15.600000 16.769251 15.500000 16.485901 16.425846 15.967075 10.940006 10.799991
19.000000 19.000000 19.021656 19.200203 19.400000 19.600000 19.700001 19.800001 19.800001 19.700001 19.599840 19.400000 19.298416 19.100000 18.900000 18.698584 18.400000 17.174845 17.217611 17.260378 18.300001 18.300001 18.300001 18.300001 18.300001 16.931610 16.800001 16.800001 16.800001 16.800001 16.800001 14.000677 14.100591 14.200506 17.295673 17.806953 18.811201 18.700001 16.812885 16.825769 16.800001 18.674763 16.709381 16.618759 16.437519 16.339796 16.611963 16.652500 16.646299 16.591993 15.902494 15.602074 15.666496 16.800514 15.495617 16.803541 16.078049 10.982718 10.985004 10.724448
18.900000 18.900000 19.000000 19.184710 19.309088 19.500000 19.629791 19.742275 19.898741 19.700001 19.600000 19.400000 19.297352 19.097466 18.897581 18.643501 18.400000 17.132076 18.211386 18.300001 18.300001 18.300001 18.300001 18.300001 18.142239 17.628763 16.899385 16.600000 16.600000 16.599977 16.500000 13.900762 14.400335 14.300421 17.140759 16.802704 16.800001 18.700001 16.800001 17.000000 17.006397 17.021683 16.800001 16.803366 16.535242 16.227465 16.005821 15.711185 15.693165 15.398829 11.672714 11.512605 11.352495 16.804979 15.047749 16.240946 10.925577 10.980063 15.400001 15.200000
20.900112 18.900000 18.962402 19.100000 19.300001 19.500000 19.600000 19.700001 19.800001 19.700001 19.600000 19.400000 19.228632 19.096464 18.896643 18.600000 18.400000 17.089310 18.259983 18.300001 18.300001 18.300001 18.300001 18.300001 17.738773 16.700077 16.701832 16.500000 16.423935 16.400000 16.400000 13.800847 14.500250 16.775431 16.775223 16.412962 16.496983 18.666376 16.600000 16.699965 16.700001 19.343256 16.800001 16.800001 16.800001 16.800001 16.500000 16.300129 16.100000 16.041414 16.019157 15.980777 11.192386 16.779863 14.954880 10.909918 10.921159 10.417865 10.268423 10.118981
20.889812 18.800001 18.900000 19.100000 19.300001 19.405781 19.600000 19.700001 19.797571 19.700001 19.600000 19.400000 19.288527 19.099337 18.899340 18.600880 17.003775 17.046541 18.200001 18.300001 18.300001 18.300001 18.300001 18.300001 16.566668 16.600000 16.500000 16.400000 16.400000 16.400000 16.400000 13.700932 14.600165 14.700080 14.799994 14.899909 18.397541 18.396460 16.566668 16.600000 16.700001 18.229855 16.800001 16.800001 16.800001 16.800001 16.602068 16.402187 16.300001 16.251175 16.403725 16.406704 11.054446 11.021358 11.059701 10.907582 10.716748 10.567307 15.700000 15.696896
20.800001 18.800001 18.845448 19.002054 19.200001 19.400000 19.600000 19.700001 19.792324 19.700001 19.600000 19.400000 19.200001 19.074144 18.873344 18.600000 16.961006 16.918240 16.875471 16.832705 16.789936 16.747169 16.704403 16.576101 16.533333 16.500000 16.400000 16.400000 16.400000 16.400000 16.400000 13.601018 13.501103 16.400000 16.400000 14.999824 18.400000 16.500000 16.458874 16.417749 16.376623 16.799850 16.800001 16.800001 16.800001 16.800001 16.603086 16.300001 16.100000 15.901959 15.493026 10.906687 11.020661 17.401476 16.466625 15.700000 10.866190 15.796912 15.887786 15.799483
20.758286 18.700001 18.800001 19.000000 19.200001 19.344097 19.503424 19.700001 19.740551 19.695347 19.518318 19.400000 19.200001 19.000000 18.848454 18.698494 18.497730 17.813698 18.200001 18.300001 18.300001 18.300001 16.661634 16.618868 16.468811 16.400000 16.400000 16.400000 16.400000 16.400000 16.400000 16.400000 13.401188 13.301273 13.201359 15.099739 15.199653 15.299568 15.399483 16.800001 16.335497 16.704821 16.884844 16.700001 16.700001 16.700001 16.469526 16.100668 15.831621 15.548874 10.950465 10.895025 16.513281 16.365875 15.700000 11.165073 11.015632 15.900001 16.000109 15.892594
20.697887 18.700001 18.707952 18.900000 19.100000 19.261187 19.500000 19.700001 19.706179 18.872757 19.300001 19.298113 19.100000 19.000000 18.896523 18.698572 18.400000 18.160065 18.293329 18.300001 18.300001 18.300001 18.300001 18.300001 16.400000 16.400000 16.400000 16.400000 16.400000 16.400000 16.400000 16.400000 12.901614 13.001529 13.101444 16.398630 15.699227 15.599312 15.499397 16.253246 16.294371 16.609789 17.033062 16.472385 16.392960 16.300001 16.109632 15.813211 15.614301 10.967303 10.968942 15.886591 16.398129 16.350681 15.700000 11.314515 15.711273 16.000000 13.556141 13.705583
20.597866 18.666668 18.633333 18.800694 18.900000 19.017927 19.305218 19.600773 19.774923 18.518574 19.000000 19.044941 18.966822 18.900000 18.800001 18.600000 18.399349 18.186632 18.300001 18.300001 18.300001 18.300001 18.300001 18.300001 16.400000 16.400000 16.400000 16.400000 16.400000 16.400000 16.400000 16.400000 12.801700 12.701785 16.198801 16.298716 15.799142 16.600822 16.306437 16.212120 16.300022 16.692247 16.600000 16.300001 16.100901 15.920046 15.784445 15.500000 11.036910 10.912150 15.597408 16.035625 16.435843 16.260283 15.700000 11.463957 15.898586 16.027109 13.406699 13.855024
19.833332 19.166668 18.600000 18.700001 18.700001 18.703081 18.917604 19.430014 19.709036 18.500000 18.706043 18.800001 18.800001 18.800001 18.700001 18.700001 18.544369 18.213200 18.223879 18.300001 18.300001 18.300001 17.673054 16.897034 16.400000 16.400000 16.400000 16.400000 16.500000 16.400000 16.400000 16.400000 18.400204 12.601870 16.098886 15.998971 15.899056 16.700228 16.219017 15.934732 15.996891 17.572742 16.600000 16.146008 15.816070 15.611546 15.422835 11.228611 12.700649 15.590790 15.856015 16.195009 16.500000 16.261847 15.700000 11.613399 15.995169 16.198244 13.257258 13.107816
20.500000 18.500000 18.500059 18.500000 18.500000 18.400000 18.408430 18.604349 19.679708 18.500000 18.600000 18.600000 18.556568 18.600000 18.600000 18.535789 18.400000 18.202518 18.203728 18.298096 18.284683 18.300001 17.537113 16.400000 16.400000 16.400000 16.400000 16.400000 16.400000 16.400000 16.400000 18.400000 18.400000 12.501956 12.402041 12.102297 12.002382 16.801701 16.202017 15.664726 15.574157 16.942766 16.243874 15.622517 15.600733 11.225139 11.219678 13.122196 13.116143 15.797484 15.996910 16.289122 16.499416 16.259130 15.700000 11.762840 12.211166 12.360607 12.510049 12.659491
20.500000 18.400000 18.400000 18.301352 18.300001 18.300001 18.300001 18.478546 19.576485 18.500000 18.500000 18.410646 18.342667 18.400000 18.400000 18.406294 18.400000 18.201309 18.203426 18.297556 17.900000 17.875986 17.124731 16.400000 16.400000 16.400000 16.400000 16.400000 16.400000 16.400000 18.400000 18.400000 17.733334 17.066668 12.302126 12.202211 11.902467 16.800001 16.200333 11.657989 11.638694 11.602560 11.623033 11.672532 11.573426 11.400662 16.071024 13.133626 15.508161 15.898479 16.200001 16.350800 16.511538 16.254625 15.869189 11.912282 12.061724 16.400000 16.400000 16.400000
20.400000 20.400000 18.400000 18.300001 18.300001 18.300001 18.300001 18.300001 19.581991 18.599388 18.499041 18.300001 18.300001 18.300001 18.300001 18.308830 18.400000 18.199194 17.991266 17.905848 17.609190 17.212505 16.514465 16.400000 16.400000 16.400000 16.400000 16.400000 16.400000 16.400000 16.400000 18.400000 18.400000 16.400000 16.599503 11.702638 11.802552 16.498165 11.604205 11.674719 15.799550 16.019571 18.707363 17.326855 16.188923 16.027510 16.150179 13.112144 15.902381 16.237003 16.400000 16.500000 16.600000 16.750376 12.605007 12.258645 16.600000 16.600100 16.593824 16.600000
18.300001 20.356508 18.300001 18.298107 13.466823 13.441109 13.213988 12.970319 12.899841 18.408546 18.300001 18.300001 18.205587 18.100000 18.180784 18.104084 17.795055 17.460190 17.459820 17.404726 17.300001 16.998875 16.549742 16.400000 16.578602 16.400000 16.400000 16.481125 16.522320 16.500000 16.589266 16.469044 18.374325 16.096676 11.698380 11.602723 11.606497 11.636258 11.617401 15.830311 16.293447 16.567232 16.474272 16.379156 16.284039 16.564137 13.131446 13.124726 16.668571 16.605965 16.855158 18.102840 21.262547 13.297732 12.951370 17.298820 16.772509 16.714245 16.825209 17.035774
15.528151 15.568567 14.115572 13.498385 13.474817 17.979994 17.085285 16.982100 12.901807 12.904063 12.974754 18.293655 17.916048 17.753590 17.774900 17.609270 17.040508 16.860292 17.100000 17.200001 17.160509 16.998369 16.800001 16.494625 16.951305 16.786135 12.940333 12.938277 12.910772 12.952396 12.950253 12.904572 12.897165 12.424713 16.599436 16.754862 16.165434 15.829995 15.966640 16.198545 16.497444 20.296423 16.800001 16.800001 16.800001 16.545467 13.115619 16.694660 16.800001 16.800001 16.068632 16.414995 16.761358 13.644095 16.707052 16.700001 16.700001 16.700001 16.700001 16.700001
18.500000 18.394745 18.400000 18.404982 18.225332 17.865946 17.487123 17.298983 17.100000 16.900000 12.978195 12.991227 17.206627 17.400000 17.415207 17.317797 16.915396 16.800001 17.000017 17.000229 16.900993 12.914563 12.914541 12.936790 12.920085 12.909556 12.911111 16.896458 16.900000 16.900000 16.900000 16.900000 16.800001 16.800001 16.800001 16.800001 16.400084 16.285892 16.314819 16.400000 16.603920 17.790411 16.800001 16.894541 16.900000 16.593796 13.122112 16.800001 16.800001 16.800001 15.722270 14.683183 14.336820 13.990457 16.700001 16.700001 16.700001 16.700001 16.700001 16.700001
18.600000 18.500000 18.500000 18.398863 18.200499 17.998846 17.700001 17.500000 17.395494 17.199907 16.999857 12.963610 12.956180 12.970276 17.063354 17.100000 16.899055 16.800001 12.908079 12.919717 12.932340 12.970856 16.700001 16.500000 16.618559 16.900000 17.000000 17.000000 17.000000 17.000000 16.900000 16.800001 16.800001 16.800001 16.700001 16.600000 16.500000 16.586920 16.600000 16.600000 16.698788 17.260679 17.061304 16.998663 16.900000 16.770088 13.106644 16.800001 16.800001 16.800001 15.375908 15.029545 17.511953 17.966839 17.191248 16.800001 16.800001 16.700001 16.700001 16.700001
18.700001 18.688578 18.550694 18.400000 18.208254 18.000000 17.874901 17.700001 17.599855 17.482597 17.296087 17.161991 16.979038 12.949739 12.915957 12.914413 12.903090 12.926784 12.987266 16.800001 16.800001 16.700001 16.500000 16.500000 16.687752 17.000000 17.000000 17.000000 17.000000 16.905935 16.800001 16.800001 16.800001 16.800001 16.700001 16.707962 16.800001 16.800001 16.800001 16.800001 16.800001 17.099722 17.200001 17.100000 17.000000 16.800001 13.216081 16.800001 16.800001 16.800001 16.800001 16.961407 17.662058 18.305073 17.506704 17.030369 16.825922 16.785727 16.700001 16.700001
18.809402 18.800001 18.627234 18.400000 18.286341 18.033905 17.900000 17.889515 17.798763 17.600000 17.500000 17.400000 17.287905 17.166689 17.047897 17.016148 16.997032 16.992344 16.987240 16.999632 16.800001 16.598967 16.500000 16.500000 16.739958 17.060133 17.053017 17.100000 17.000000 16.993093 16.900166 16.800001 16.800001 16.800001 16.800001 16.800001 16.800001 16.800001 16.800001 16.800001 16.800001 17.100000 17.100000 17.100000 17.000000 17.093075 14.469147 16.800001 16.800001 16.900833 16.800001 16.987663 17.792889 18.305662 17.606688 16.916374 16.866117 17.000000 17.000000 16.901457
19.006096 18.900000 18.766073 18.499168 18.294172 18.100000 18.100000 18.036983 17.900000 17.800001 17.700001 17.600000 17.500000 17.400000 17.353413 17.300001 17.300001 17.200001 17.100000 17.034239 16.800001 16.500000 16.500000 16.500000 16.786699 17.100000 17.100000 17.100000 17.100000 17.000000 16.900000 16.821871 16.801168 16.800001 16.800001 16.800001 16.800001 16.800001 16.800001 16.800001 16.904972 17.100000 17.100000 17.000000 16.905149 16.801113 14.838062 16.700411 16.750204 17.000000 17.027248 17.124031 17.897860 18.284208 17.585861 16.966633 17.016891 17.208443 17.300001 17.279856
19.199791 19.009523 18.898232 18.598631 18.398794 18.379406 18.364250 18.200001 18.021198 17.996552 17.900000 17.800001 17.720436 17.693752 17.600000 17.538258 17.514858 17.494787 17.355412 17.197098 16.899227 16.500000 16.500000 16.500000 16.863672 17.200001 17.200001 17.200001 17.100000 17.100000 17.000000 16.982376 16.900009 16.800001 16.800001 16.800001 16.800001 16.800001 16.800001 16.800001 17.000000 17.100000 17.000669 16.800001 16.800001 16.708208 14.799163 16.650614 16.900000 17.065392 17.300001 17.632391 18.041800 18.300001 17.773645 17.194742 17.367311 17.591518 17.683987 17.679405
19.369553 19.199978 19.000000 18.799665 18.681751 18.590599 18.400000 18.300001 18.100731 18.199938 18.000000 17.999693 17.900000 17.800001 17.799824 17.786255 17.723270 17.702808 17.635244 17.466326 17.111473 16.643633 16.500000 16.500000 16.886881 17.300001 17.300001 17.200001 17.200001 17.184258 17.100000 17.000000 16.900000 16.800001 16.800001 16.800001 16.800001 16.800001 16.800001 16.869587 17.100000 17.100000 16.902472 16.800001 16.800001 16.800001 14.874357 16.800001 16.800001 16.932695 17.295626 17.767715 18.068584 18.305162 18.003296 17.880213 18.079033 18.057762 18.085167 18.100000
19.500000 19.300001 19.134518 18.993048 18.836445 18.700001 18.500000 18.300001 18.234852 18.247667 18.193914 18.152145 18.000000 17.904123 17.900000 17.900000 17.928799 17.938505 17.899813 17.799713 17.542591 17.025242 16.500000 16.500000 16.961727 17.400000 17.390598 17.300001 17.300001 17.200001 17.200001 17.100000 17.000000 16.900000 16.800001 16.800001 16.800001 16.800001 16.800001 17.000000 17.100000 17.038607 16.900000 16.800001 16.800001 14.821812 14.867409 16.798817 16.999954 17.098890 17.397354 17.799234 18.100000 18.300940 18.099527 18.200001 18.300001 18.300001 18.300001 18.300001
19.600000 19.416283 19.296608 19.100000 19.000000 18.800001 18.677217 18.509514 18.500000 18.419098 18.300001 18.300001 18.183968 18.100000 18.000000 18.100000 18.183142 18.114029 18.100000 18.100000 17.901217 17.478184 16.862013 16.500000 16.993731 17.500000 17.400494 17.400000 17.399940 17.300001 17.300005 17.200001 17.100000 17.000000 16.899788 16.800001 16.800001 16.800001 16.800001 17.100000 17.100000 17.000000 16.800001 16.800001 14.862414 14.853418 16.889120 16.943735 17.200001 17.394920 17.600000 17.815996 18.100000 18.300001 18.300001 18.300001 18.300001 18.300001 18.300001 18.300001
