gssha_input_files/brays_bayou/brays_harvey.ele
north: 3295138.829302
south: 3278538.829302
east: 273974.547421
west: 239874.547421
rows: 166
cols: 341
[rows 104 to 129 of 166, columns 120 to 179 of 341]
24.400000 24.200001 23.932798 23.700001 23.500000 23.399839 23.228762 23.100000 22.908852 22.800001 22.800001 22.800001 24.600498 22.786144 22.431952 22.162943 20.484200 21.402000 23.299747 23.299353 23.333620 19.830854 21.075726 21.424288 21.274904 21.600000 21.600000 21.500000 21.471012 21.400000 21.391695 21.200001 21.100000 20.796001 20.500000 20.500000 20.474812 20.400000 20.400000 20.400000 20.400000 20.400000 20.400000 20.369053 20.300001 20.300001 20.200001 20.200001 20.100000 20.041759 20.000000 20.000000 20.090034 20.083454 20.000000 20.000000 19.900000 19.900000 19.800001 19.700001
24.241295 24.178963 23.998911 23.773151 23.579678 23.400000 23.298386 23.100000 22.980631 22.800001 22.800001 24.522615 22.799519 22.477966 22.198313 21.772247 20.538189 21.348013 23.309771 19.980240 19.930445 19.880650 21.025930 21.374493 21.324697 21.700001 21.600000 21.600000 21.500000 21.500000 21.400000 21.400000 21.400000 21.279551 20.676348 20.600000 20.600000 20.500000 20.500000 20.500000 20.500000 20.400000 20.400000 20.317616 20.300001 20.300001 20.300001 20.200001 20.200001 20.100000 20.100000 20.100000 20.100000 20.100000 20.100000 20.000000 19.900000 19.900000 19.800001 19.800001
24.400000 24.200001 24.000000 23.800001 23.600000 23.500000 23.300001 23.100000 23.000000 22.800001 24.486658 23.807325 22.800001 22.300001 21.742165 21.708372 20.592176 21.294024 22.276705 20.030035 20.079828 20.129623 20.976135 20.926340 20.776957 20.727161 20.677366 21.683113 21.600000 21.542753 21.500000 21.338963 21.287638 21.117922 20.800001 20.728384 20.700001 20.691523 20.600000 20.600000 20.500000 20.500000 20.400000 20.300001 20.300001 20.200001 20.200001 20.200001 20.200001 20.200001 20.200001 20.100851 20.100000 20.106022 20.150816 20.033995 20.000000 20.045847 19.948757 19.899811
24.305723 24.200001 24.000000 23.800001 23.641680 23.500000 23.346346 23.200001 23.334816 24.430712 23.769430 23.119104 22.602633 21.809748 21.775955 23.302734 20.646164 21.240034 22.493587 22.366074 22.200001 20.179419 20.229214 20.876547 20.826752 21.800001 20.627571 21.700001 21.648396 21.600000 21.488914 21.300001 21.200001 21.100000 20.948122 20.900000 20.800001 20.800001 20.700001 20.698009 20.600000 20.500000 20.400000 20.300001 20.200001 20.100000 20.100000 20.100000 20.100000 20.100000 20.000000 20.000000 19.983324 20.088133 20.100000 20.100000 20.100000 20.200001 20.138235 20.000000
24.282219 24.100000 23.982328 23.800001 23.700001 23.500000 23.382589 23.200001 23.348892 23.389078 22.810781 22.513004 21.852205 21.830976 23.366011 23.353312 20.700153 21.186047 21.132059 22.510637 22.400000 22.224327 20.279009 20.328802 20.378597 20.527983 20.577778 21.799988 21.700001 21.599421 21.413151 21.300001 21.220085 21.200001 21.100000 21.000000 21.000000 20.900000 20.800001 20.700001 20.600983 20.500000 20.400000 20.300001 20.200001 20.100000 20.000000 19.900000 19.802710 19.809048 19.800001 19.800001 19.899822 19.900183 20.000000 20.000000 20.100000 20.200001 20.200001 20.100000
24.200001 24.100000 23.998207 23.810478 23.700001 23.500000 23.300001 23.200001 23.137859 22.061657 22.008123 21.954592 21.903399 23.303806 23.336895 22.900000 20.754141 22.900000 21.078072 22.600000 22.500000 22.317171 22.200001 22.100000 20.428392 20.478188 21.900000 21.800001 21.700001 21.600000 21.500000 21.400000 21.377121 21.300001 21.200001 21.200001 21.117865 21.000000 20.900000 20.800001 20.700001 20.571795 20.400000 20.300001 20.200001 20.100000 20.000000 19.900000 19.800001 19.800001 19.800001 19.800001 19.800001 19.803947 19.900000 19.900000 20.000000 20.200001 20.200001 20.100000
24.284479 24.195480 24.089151 23.951523 23.800001 23.529091 23.269495 23.100000 23.000000 22.115189 22.267212 22.110903 23.350679 23.365644 21.387642 21.097885 20.808128 22.900000 21.024082 22.600000 22.500000 22.400000 22.300001 22.200001 22.100000 22.000000 21.900000 21.800001 21.700001 21.600000 21.500000 21.500000 21.400000 21.400000 21.400000 21.325111 21.200001 21.100000 20.999315 20.869108 20.700001 20.600000 20.475506 20.300001 20.200001 20.100000 20.000000 19.900000 19.800001 19.800001 19.800001 19.800001 19.800001 19.800001 19.800001 19.900000 19.964178 20.100000 20.100000 20.100000
24.474335 24.455517 24.315620 24.186058 24.070339 23.636766 23.200001 23.042559 22.222256 22.168722 23.306210 23.323229 23.308079 21.967152 21.677397 22.900000 20.862118 20.916105 20.970095 22.700001 22.518400 22.500000 22.388769 22.231915 22.129042 22.041105 21.900000 21.800001 21.756350 21.670406 21.600000 21.585337 21.500000 21.500000 21.421186 21.400000 21.300001 21.100000 21.000000 20.900000 20.800001 20.688559 20.500000 20.300001 20.192450 20.038273 20.000000 19.900000 19.800001 19.800001 19.800001 21.800001 21.800001 19.800001 19.800001 19.800001 19.900000 20.000000 20.000000 20.000000
24.819527 24.900000 24.646833 24.338591 24.400000 23.811340 23.132109 22.329321 22.275787 23.305183 23.299461 21.347000 21.281672 21.093237 21.035458 20.977676 20.919897 22.900000 22.800001 22.700001 22.521971 22.500000 22.400000 22.300001 22.200001 22.100000 21.999989 21.900000 21.800001 21.700001 21.699966 21.600000 21.600000 21.500000 21.400309 21.300001 21.293413 21.187544 21.003859 20.900000 20.800001 20.688498 20.500000 20.399738 20.200001 20.000000 19.900000 19.900000 19.800001 19.800001 19.800001 19.800001 21.800001 21.800001 21.800001 19.800001 19.811975 19.900000 19.900000 19.969086
25.198263 25.443289 24.877287 24.400000 24.117489 23.579891 23.000351 22.382853 23.351635 23.321821 22.133272 21.412329 21.216345 21.151016 21.208796 22.900000 22.900000 22.900000 22.800001 22.700001 22.600000 22.500000 22.400000 22.300001 22.200001 22.100000 22.000000 21.900000 21.800001 21.800001 21.700001 21.700001 21.600000 21.500000 21.400000 21.300001 21.294905 21.200001 21.094046 20.900000 20.800001 20.700001 20.600000 20.400000 20.289974 20.065989 19.800001 19.800001 19.800001 19.800001 19.800001 19.800001 19.800001 19.800001 21.800001 21.800001 21.800001 21.797642 19.800001 19.900000
25.400000 25.608559 25.515207 24.044800 23.457527 23.033455 23.315752 23.309477 23.374998 21.608313 21.542986 21.477657 21.959932 21.902153 21.266577 22.900000 22.900000 22.900000 22.800001 22.700001 22.600000 22.500000 22.400000 22.300001 22.200001 22.142658 22.081738 22.000000 21.900000 21.800001 21.700001 21.700001 21.600000 21.500000 21.400000 21.300001 21.291578 21.191652 21.091730 20.987911 20.891895 20.744572 20.600000 20.443611 20.292263 20.100000 19.997509 19.900000 19.900000 19.900000 19.900000 19.900000 19.860872 19.800001 21.848270 21.800001 19.800001 21.794777 19.800001 19.800001
25.657749 25.900000 24.991528 23.455208 22.468857 22.366018 22.263180 21.804298 21.738970 21.673641 23.000000 23.000000 22.935011 21.844374 21.324354 22.892738 22.804810 22.810354 22.795181 22.700001 22.600000 22.500000 22.400000 22.303867 22.286816 22.200001 22.089966 21.985399 21.900000 21.800001 21.706875 21.700001 21.600000 21.500000 21.400000 21.300001 21.220783 21.200001 21.100000 21.000000 20.900000 20.721430 20.600000 20.466040 20.300001 20.200001 20.100000 20.000000 20.000000 20.000000 20.000000 19.900000 19.800001 21.814911 21.854851 19.900000 19.800001 21.699970 21.699261 19.700001
25.936743 23.305119 23.309828 23.300007 23.298544 23.318419 22.160341 21.982319 22.525110 22.794609 22.985653 23.000000 22.999994 21.786592 21.382135 22.800001 22.700371 22.700001 22.700001 22.700001 22.700001 22.600000 22.408588 22.327906 22.298275 22.198204 22.095219 21.999542 21.900000 21.800001 21.797895 21.700001 21.600000 21.500000 21.400000 21.400000 21.299030 21.200001 21.100000 21.000000 20.900000 20.798367 20.600000 20.500000 20.400000 20.300001 20.200001 20.100000 20.100000 20.100000 20.000000 19.900000 19.800001 21.800001 21.800001 19.900000 19.800001 19.700001 21.656540 21.470190
23.386942 23.300303 23.164442 23.145285 23.073536 22.894154 22.500000 22.681862 22.709570 22.900000 23.000000 23.033915 23.000000 21.728813 21.439915 22.800001 22.700001 22.800001 22.800001 22.860485 22.700001 22.600000 22.500000 22.395433 22.300001 22.200001 22.100000 22.000000 21.900000 21.800001 21.800001 21.700001 21.600000 21.500000 21.400000 21.366665 21.300001 21.200001 21.100000 21.000000 20.900000 20.800001 20.700001 20.600000 20.473045 20.390495 20.287092 20.200001 20.100000 20.100000 20.000000 20.000000 19.833334 19.866667 21.800001 19.900000 19.800001 19.556787 19.296795 21.359919
24.619795 24.013832 23.696922 23.600000 23.289476 22.792940 22.600000 22.900000 22.900000 23.000000 23.100000 23.100000 23.000000 21.671034 21.497694 22.800001 22.700001 22.900000 22.900000 22.862394 22.789879 22.600000 22.500000 22.400000 22.300001 22.200001 22.100000 22.000000 21.902153 21.900000 21.800001 21.700001 21.600000 21.500000 21.400000 21.400000 21.290968 21.200001 21.100000 21.000000 20.900000 20.800001 20.700001 20.600000 20.500000 20.400000 20.300001 20.200001 20.200001 20.100000 20.100000 20.000000 19.410936 19.370464 19.329992 19.289520 19.762653 19.213795 18.886738 21.070889
25.879057 24.794537 24.169710 23.639843 23.008850 22.728626 22.664312 22.939709 23.000000 23.100000 23.200001 23.125370 23.000000 21.613255 21.555473 22.800001 22.741329 22.800001 22.900000 22.800001 22.727034 22.600000 22.500000 22.400000 22.296005 22.200001 22.100000 22.000000 21.924833 21.900000 21.800001 21.700001 21.600000 21.500000 21.400000 21.300001 21.219479 21.200001 21.100000 21.000000 20.965567 20.900000 20.800001 20.699656 20.595856 20.489450 20.303986 20.290209 20.200001 20.190405 20.100000 20.000000 19.451410 21.800001 21.800001 19.249048 19.167679 18.559954 18.497700 20.755903
25.859999 24.992292 24.279087 23.579439 23.039862 22.900000 22.900000 23.000763 23.140976 23.200001 23.267454 23.200001 23.094307 22.900000 22.800001 22.800001 22.900000 22.900000 22.899162 22.800001 22.700001 22.600000 22.500000 22.400000 22.297897 22.200001 22.100000 22.000000 22.000000 21.900000 21.800001 21.700001 21.600000 21.500000 21.400000 21.300001 21.200001 21.196993 21.100000 21.000000 21.000000 20.900000 20.800001 20.700001 20.600000 20.500000 20.396944 20.296955 20.200001 20.100000 19.572826 19.532354 19.491882 21.800001 19.900000 19.330418 19.539312 18.632748 18.435446 18.373190
25.248127 24.849157 24.271093 23.685482 23.295153 23.100000 23.097046 23.103813 23.200001 23.200001 23.200001 23.100000 22.993395 22.893377 22.800001 22.800001 22.900000 22.900000 22.893330 22.793329 22.700001 22.600000 22.500000 22.400000 22.300001 22.200001 22.100000 22.000000 22.000000 21.900000 21.800001 21.700001 21.600000 21.500000 21.400000 21.300001 21.200001 21.200001 21.100000 21.100000 21.099787 21.000000 20.900000 20.800001 20.698294 20.500000 20.400000 20.287163 20.200001 20.100000 19.613298 19.653772 19.694244 21.800001 19.818630 19.411785 19.448727 19.024195 18.800001 18.322578
24.800001 24.677059 24.335035 23.933586 23.600000 23.400000 23.300001 23.300001 23.300001 23.300001 23.200001 23.047417 22.900000 22.813057 22.800001 22.800001 22.800001 22.891975 22.800001 22.700001 22.644484 22.600000 22.490088 22.400000 22.300001 22.200001 22.100000 22.000000 21.980772 21.900000 21.800001 21.700001 21.600000 21.500000 21.400000 21.300001 21.300001 21.292728 21.200001 21.200001 21.180971 21.100000 21.000000 20.900000 20.700001 20.500000 20.400000 20.233870 20.100000 20.000000 19.970324 19.775188 19.734716 21.800001 19.737263 19.493155 19.333807 19.161961 18.981201 18.271969
24.500000 24.500000 24.329027 24.164921 23.915028 23.696308 23.514376 23.500000 23.489048 23.400000 23.294987 23.100000 22.947401 22.900000 22.800001 22.800001 22.700001 22.700001 22.700001 22.700001 22.600000 22.584757 22.484890 22.400000 24.340517 24.267082 24.152313 24.078442 21.900000 21.900000 21.800001 21.700001 21.604147 21.521605 21.416563 21.400000 21.400000 21.369080 21.300001 21.300001 21.299908 21.200001 21.100000 20.903734 20.789213 20.583113 20.389688 20.200001 20.100000 20.000000 19.856134 19.815660 21.800001 21.800001 19.655893 19.574524 19.200001 19.200001 19.099789 19.000000
24.300001 24.300001 24.202425 24.196730 24.097765 23.900000 23.772423 23.600201 23.500000 23.493628 23.358774 23.200001 23.000000 22.900000 22.812515 22.800001 22.700001 22.700001 22.600069 22.600000 22.600000 22.599165 24.476236 24.438871 24.347956 22.200001 22.133333 23.988821 23.939816 21.800001 21.786846 21.700001 21.600000 21.600000 21.500000 21.500000 21.500000 21.400000 21.300001 21.300001 21.300001 21.300001 21.142420 20.996443 20.797068 20.590887 20.377211 20.200001 20.100000 20.000000 19.896606 21.800001 21.800001 19.933334 20.000000 20.103199 19.200001 19.300001 19.200001 19.100670
24.200001 24.200001 24.200001 24.100000 24.000000 23.992359 23.898043 23.743929 23.600000 23.500000 23.400000 23.264196 23.100000 22.941078 22.900000 22.800001 22.797270 22.700001 24.691824 24.644726 24.600000 24.600000 24.586956 22.400000 22.374125 22.300001 22.066668 22.000000 23.897757 23.875896 21.700001 21.600000 21.600000 21.518511 21.500000 21.500000 21.500000 21.456909 21.400000 21.400000 21.400000 21.300001 21.200001 21.000000 20.800001 20.600000 20.400000 20.193895 20.000000 19.900000 21.800001 21.800001 19.800001 19.866667 20.000000 20.200001 19.200001 19.432545 19.362034 19.300001
24.300001 24.200001 24.200001 24.100000 24.000000 23.900000 23.876831 23.800001 23.600000 23.500000 23.400000 23.300001 23.142384 23.000000 22.900000 22.900000 22.800001 24.784864 24.700146 22.600000 22.600000 22.600000 22.599871 22.500000 22.400000 22.300001 22.200001 22.000000 21.888842 23.769180 23.721741 23.548191 21.400000 21.400000 21.400000 21.400000 21.400000 21.400000 21.400000 21.400000 21.400000 21.300001 21.200001 21.025906 20.900000 20.700001 20.491119 20.200001 19.900000 19.900000 21.891510 21.878628 19.800001 19.803631 19.813519 19.926830 19.217247 19.650890 19.546972 19.446465
24.392502 24.213747 24.200001 24.100000 24.022280 23.900000 23.800001 23.781950 23.600000 23.500000 23.400000 23.300001 23.200001 23.000000 22.900000 22.900000 24.849903 24.800060 22.700001 22.611830 22.600000 22.600000 22.600000 22.556658 22.500000 22.400000 22.215626 22.085161 21.885399 21.632225 21.500000 23.502098 23.299299 23.300001 23.300001 23.300001 23.300001 21.300001 21.300001 21.300001 21.300001 21.300001 21.200001 21.100000 20.989212 20.790628 20.500000 20.205191 19.999702 19.900000 22.021208 21.983673 19.900000 19.900093 19.987307 20.179874 19.894001 19.900000 19.781040 19.600000
24.400000 24.300001 24.200001 24.183620 24.096523 23.901960 23.801582 23.797132 23.604198 23.500000 23.400000 25.300001 25.192728 23.093674 24.900000 24.900000 24.878666 22.800001 22.700001 22.700001 22.700001 22.632030 22.600000 22.600000 22.500000 22.400000 22.300001 22.101206 21.900000 21.625422 21.400000 21.400000 23.299511 21.447388 21.400000 21.399578 23.300001 23.300001 23.300001 23.300001 21.300001 21.300001 21.200001 21.100000 20.995983 20.796017 20.500000 20.300001 20.163206 22.181437 22.096186 22.081951 20.074865 20.100000 20.193300 20.300001 20.300001 20.189123 20.000000 19.841528
24.461617 24.400000 24.300001 24.200001 24.100000 24.000000 23.900000 23.800001 23.700001 23.587633 23.400000 23.333334 25.166435 25.081808 24.972401 22.900000 22.900000 22.800001 22.800001 22.799932 22.791021 22.700001 22.700001 22.700001 22.600000 22.500000 22.400000 22.203352 22.000000 21.700001 21.410759 21.400000 21.500000 21.494776 21.400000 21.399158 21.398737 21.365826 23.300001 23.300001 23.300001 21.298195 21.200001 21.100000 20.993168 20.800001 20.600000 20.400000 22.471491 22.200022 22.354324 20.200001 20.200001 20.260504 20.300001 20.328279 20.388186 20.300001 20.200001 20.080711
