gssha_input_files/brays_bayou/brays_harvey.ele
north: 3295138.829302
south: 3278538.829302
east: 273974.547421
west: 239874.547421
rows: 166
cols: 341
[rows 52 to 77 of 166, columns 0 to 59 of 341]
0.000000 0.000000 0.000000 0.000000 0.000000 0.000000 0.000000 0.000000 0.000000 0.000000 0.000000 0.000000 0.000000 0.000000 0.000000 0.000000 0.000000 0.000000 0.000000 0.000000 0.000000 0.000000 0.000000 28.000000 27.900000 27.700001 27.600000 27.600000 27.533333 27.500000 27.500000 27.500000 27.299891 26.919960 26.463945 26.305237 26.552732 25.905584 25.417208 24.862572 24.437689 24.375700 25.585373 25.813967 25.574833 25.401243 25.400000 25.400000 25.400000 25.400000 25.400000 21.945868 21.915039 21.884211 21.853384 21.822556 25.800001 25.800001 21.606762 21.575933
0.000000 0.000000 0.000000 0.000000 0.000000 0.000000 0.000000 0.000000 0.000000 0.000000 0.000000 0.000000 0.000000 0.000000 0.000000 0.000000 0.000000 0.000000 0.000000 0.000000 0.000000 0.000000 28.300001 28.102909 27.900000 27.700001 27.600000 27.500000 27.500000 27.500000 27.399549 27.400000 27.196358 26.894657 26.468685 26.324974 26.271229 25.898411 25.389719 24.859415 24.417027 24.396362 25.600000 25.900000 25.694302 25.625320 25.689070 25.700302 25.700001 25.705921 25.778732 25.774462 25.800001 25.800001 25.900000 21.791727 25.900000 25.900000 21.637589 25.900000
0.000000 0.000000 0.000000 0.000000 0.000000 0.000000 0.000000 0.000000 0.000000 0.000000 0.000000 0.000000 0.000000 0.000000 0.000000 0.000000 0.000000 0.000000 0.000000 0.000000 0.000000 0.000000 28.500000 28.187220 27.850353 27.649920 27.500000 27.500000 27.402031 27.300001 27.300001 27.228468 27.175222 27.146624 26.428459 26.342453 25.987143 25.768833 25.633144 25.489626 24.556608 25.747692 25.861555 25.900000 25.900000 25.900000 25.900000 25.900000 25.900000 25.799946 25.799982 25.800001 25.800001 25.800001 25.800001 21.760900 21.730072 21.699245 21.668417 25.600000
0.000000 0.000000 0.000000 0.000000 0.000000 0.000000 0.000000 0.000000 0.000000 0.000000 0.000000 0.000000 0.000000 0.000000 0.000000 0.000000 0.000000 0.000000 0.000000 0.000000 0.000000 0.000000 28.775213 28.135380 27.774565 27.600000 27.500000 27.499908 27.400000 27.400000 27.400000 27.281712 27.121979 26.631048 26.265802 26.334597 25.689196 25.391249 25.700001 25.700094 24.663946 25.700001 25.727341 25.868519 25.741339 25.700087 25.700001 25.700001 25.610991 25.600000 25.636150 25.700001 25.799936 25.800001 25.800001 25.800001 25.700001 25.600285 25.514797 25.400045
0.000000 0.000000 0.000000 0.000000 0.000000 0.000000 0.000000 0.000000 0.000000 0.000000 0.000000 29.000000 29.000549 29.000000 0.000000 0.000000 29.000000 28.984316 28.900276 28.900000 28.900000 28.800842 28.730600 28.062626 27.662636 27.565588 27.500000 27.400133 27.200001 27.024717 26.377270 26.296528 26.036694 25.459881 25.100100 26.533072 26.666016 25.093300 24.985962 24.878622 24.771284 25.500000 25.702301 25.807968 25.500000 25.400057 25.400080 25.400000 25.400000 25.500000 25.699961 25.804338 25.900000 25.900000 25.900000 25.900000 25.900000 25.800001 25.600000 25.300001
0.000000 0.000000 0.000000 0.000000 0.000000 0.000000 0.000000 0.000000 0.000000 0.000000 29.100000 29.000000 28.800001 28.701107 28.700178 28.700001 28.649467 28.677011 28.612976 28.600687 28.600000 28.588375 28.362865 27.955946 27.655840 27.500000 27.400026 27.292961 27.046858 26.693087 26.191595 26.100073 25.890732 25.390305 25.019722 26.510616 26.821640 26.933247 25.105776 24.884262 25.200001 25.300001 25.638189 25.751837 25.290009 25.100962 25.100027 25.200001 25.415306 25.704796 25.900000 25.900000 25.900000 25.900000 25.900000 25.900000 25.900000 25.900000 25.643801 25.243221
0.000000 0.000000 0.000000 0.000000 0.000000 0.000000 0.000000 29.000000 29.000000 29.100000 29.100000 28.900000 28.600431 28.486786 28.398232 28.300596 28.301081 28.300001 28.300312 28.300797 28.300001 28.201740 28.004364 27.789284 27.600000 27.400000 27.285528 27.100000 26.880825 26.500174 26.100000 25.958778 25.840750 25.378716 24.939344 26.499949 26.099871 26.981102 27.000000 24.889900 25.000000 25.000000 25.204121 25.393019 25.000000 25.000000 25.000000 25.266905 25.899712 25.900000 25.900000 25.900000 25.900000 25.900000 25.900000 25.900000 25.900000 25.900000 25.626331 25.026096
0.000000 0.000000 0.000000 0.000000 0.000000 28.834871 28.900000 29.000000 29.000000 29.000824 29.000000 28.699028 28.317554 28.100538 28.000000 27.908039 27.925566 27.900000 27.989916 28.000000 28.000990 28.000000 27.871840 27.600000 27.400507 27.224743 27.100000 26.911631 26.700001 26.400000 26.100000 25.974655 25.900000 25.422380 24.923731 24.918093 24.912455 24.906816 24.901176 24.895538 25.000000 25.000000 25.000000 25.000000 25.000000 25.000000 25.000000 25.899946 25.900000 25.900000 25.900000 25.900000 25.900000 25.900000 25.900000 25.900000 25.900000 25.900000 25.570515 24.827421
0.000000 0.000000 0.000000 0.000000 28.800001 28.800001 28.900000 29.000000 29.000000 29.000000 28.800001 28.362242 27.926662 27.709562 27.700001 27.600000 27.600000 27.600000 27.635965 27.800001 27.890425 27.839287 27.700056 27.600000 27.498423 27.256218 27.000000 26.800184 26.606791 26.399357 26.100000 25.942492 25.900000 25.457985 24.958223 26.500000 25.900000 25.798542 25.556948 25.000000 25.000000 25.000000 25.000000 25.000000 25.000000 25.000000 25.081276 26.158617 25.983768 25.956936 25.930117 25.903307 25.973871 25.900000 25.900000 25.900000 25.900000 25.900000 24.917257 24.741003
0.000000 0.000000 0.000000 28.700001 28.700001 28.700001 28.700001 28.835066 28.900000 28.802200 28.576208 28.087429 27.800001 27.792835 27.700001 27.600000 27.600000 29.500000 29.442083 29.146006 27.795233 27.700039 27.500214 27.462475 27.301935 27.154459 26.889017 26.700001 26.500000 26.300009 26.051510 25.967127 25.950689 25.548674 25.049677 26.560186 26.112406 26.000000 25.599277 25.133970 25.096914 25.143440 25.255341 25.297245 25.398474 25.578667 26.000000 26.200001 26.100000 26.100000 26.100000 26.099764 26.100000 25.680407 25.630112 25.579817 25.529522 26.099510 26.036652 25.529503
0.000000 0.000000 0.000000 28.700001 28.700001 28.700001 28.700001 28.700001 28.700190 28.608374 28.291830 28.000000 27.899155 27.800001 27.787796 27.700001 27.698856 27.600000 27.600000 28.789730 28.515709 28.001093 27.227945 27.009975 26.928577 26.802282 26.669752 26.500511 26.051271 26.030254 26.009237 25.983562 26.000000 25.897730 25.164225 26.543823 26.161493 25.899185 25.599585 25.500000 25.599991 25.599060 26.070040 25.897915 25.996466 26.000000 26.152824 26.300001 26.300001 26.218512 26.200001 26.200001 26.200001 25.730700 25.780994 25.831289 25.479227 26.197618 26.100000 25.997356
0.000000 28.900000 28.800001 28.800001 28.700001 28.900000 29.000000 28.814196 28.600000 28.429609 28.200001 28.000000 27.900000 27.900000 27.800001 27.800001 27.799007 27.700001 27.700001 27.697083 27.600000 27.658127 27.234314 26.705940 26.156355 26.135338 26.114321 26.093306 26.072289 26.188719 26.034910 26.060585 27.176975 25.393322 25.278774 26.000515 26.000000 25.900000 25.891571 25.861265 26.000000 25.747610 25.896160 26.091724 26.106590 26.200001 26.300001 26.400000 26.400000 26.400000 26.351191 26.352308 26.400000 26.400000 26.339869 25.881582 25.428932 26.200001 26.300001 26.299244
0.000000 28.900000 28.800001 28.800001 28.700001 28.800001 29.000000 28.900000 28.615524 28.400000 28.200001 28.098492 28.000000 27.900000 27.900000 27.900000 27.900000 27.808123 27.710653 27.504431 27.500000 27.356974 27.222527 27.244492 26.177372 27.197205 26.100000 26.100000 26.155075 27.262049 27.269045 27.183537 27.331083 25.507870 26.194080 26.001030 26.000000 25.995567 26.000000 26.099997 26.196274 26.105526 26.044710 26.200001 26.300001 26.400000 26.400000 26.500000 26.501673 26.581018 26.500000 26.500000 26.500000 26.500000 26.400000 25.931877 25.378639 25.328344 25.278049 25.227757
29.000000 28.900000 28.800001 28.800001 28.700001 28.700001 28.700760 28.800001 28.600000 28.400000 28.239708 28.100000 28.000000 28.000000 28.000000 28.000000 28.000000 27.900000 27.787117 27.500000 27.496031 27.248936 26.863478 26.482899 26.198389 27.189253 26.200001 27.235464 27.291634 27.390909 26.195160 26.080612 25.966063 25.622419 26.300001 26.300001 26.296778 26.295427 26.200001 26.300001 26.374308 26.399790 26.384470 26.397703 26.500000 26.595118 26.600000 26.600000 26.604702 26.700001 26.697435 26.696091 26.698734 26.600000 26.400000 25.982172 26.000338 26.116932 26.224623 25.908855
29.000000 28.900000 28.836329 28.800001 28.700001 28.600000 28.600000 28.600000 28.500000 28.400000 28.300001 28.189192 28.100000 28.100000 28.100000 28.100000 28.100000 28.000000 27.872839 27.711584 27.671047 27.500000 27.184233 26.916203 26.695938 26.500000 26.299999 26.400000 26.479465 26.496557 26.500000 26.501011 25.851515 25.736967 26.594669 26.500000 26.558811 26.532608 26.500000 26.500000 26.600000 26.622568 26.600000 26.697222 26.700001 26.794670 26.781248 26.755146 26.795200 26.800001 26.800001 26.800001 26.800001 26.700001 26.484991 26.295593 26.210030 26.300001 26.100000 25.811277
29.000000 28.900000 28.800001 28.800001 28.700001 28.675741 28.600000 28.600000 28.500000 28.400000 28.300001 28.200001 28.200001 28.200001 28.200001 28.250147 28.294487 28.200001 28.100000 28.000000 27.862194 27.691265 27.417227 27.197968 27.000000 26.898933 26.827024 26.800001 26.786043 26.800001 26.800001 26.800001 26.800001 26.800001 26.800001 26.798641 26.800001 26.800001 26.794222 26.798044 26.872580 26.929428 26.996151 27.071604 27.000000 26.919601 26.900000 26.863476 26.900000 26.900000 27.000000 27.000000 27.000000 26.899923 26.768789 26.594030 26.464088 26.398643 26.200001 26.000000
29.000000 28.900000 28.850279 28.800001 28.700001 28.700001 28.600000 28.600000 28.500000 28.463905 28.400000 28.300001 28.299576 28.300440 28.400000 28.400000 28.500000 28.499006 28.400000 28.295038 28.091427 27.803045 27.553637 27.300001 27.200001 27.100658 27.100000 27.024813 27.000000 27.000000 27.000000 27.000000 27.000000 27.000000 27.000000 27.000000 27.000000 27.000000 27.000000 27.000000 27.008240 27.104828 27.301249 27.400000 27.200001 27.086626 27.000000 27.000000 27.000000 27.000000 27.100000 27.230923 27.300001 27.199551 27.000000 26.861300 26.653273 26.478369 26.229099 26.000000
0.000000 28.900000 28.900000 28.800001 28.700001 28.700001 28.686590 28.600000 28.500000 28.500000 28.400000 28.300001 28.503458 28.600000 28.600000 28.600000 28.669556 28.810854 28.735048 28.572849 28.321918 28.075388 27.779827 27.563894 27.496937 27.395607 27.200001 27.297586 27.200001 27.200001 27.200001 27.200001 27.200001 27.200001 27.200001 27.206583 27.298138 27.352808 27.300001 27.200001 27.200001 27.280466 27.400000 27.400000 27.200001 27.100000 27.100000 27.100000 27.100000 27.100000 27.200001 27.400000 27.455692 27.395260 27.259485 27.100000 26.869194 26.572527 26.300001 26.100000
29.000000 28.900000 28.872173 28.800001 28.726524 28.700001 28.700001 28.600000 28.500000 28.500000 28.513845 28.620249 29.000000 28.828833 28.799618 28.700001 28.798403 28.900000 28.962927 28.800001 28.609655 28.399622 28.189564 27.979866 27.797842 27.566917 27.464031 27.526106 27.478258 27.399157 27.417614 27.400000 27.492874 27.469379 27.354567 27.442820 27.790014 27.795954 27.606859 27.400000 27.300001 27.400000 27.400000 27.400000 27.211037 27.200001 27.200001 27.200001 27.200001 27.200001 27.200001 27.400000 27.500000 27.500000 27.400000 27.298109 26.963469 26.600000 26.396681 26.200001
29.000000 28.900000 28.860722 28.800001 28.800001 28.700001 28.700001 28.658083 28.600000 28.958345 29.003754 29.000000 29.000000 29.000000 28.900000 28.873966 28.900000 28.900000 29.000000 29.000000 28.900000 28.700001 28.597807 28.359657 28.164515 27.952850 27.840338 27.800001 27.711514 27.399176 27.399195 27.696426 27.700001 27.697880 27.500000 28.012665 28.398350 28.299833 28.026054 27.591658 27.400000 27.400000 27.400000 27.400000 27.300001 27.342764 27.392574 27.400000 27.400000 27.366486 27.300001 27.300001 27.400000 27.500000 27.497683 27.356373 26.900000 26.600000 26.400000 26.300001
29.000000 28.900000 28.900000 28.827417 28.800001 28.800001 28.796862 28.700001 28.706230 29.100000 29.100000 29.100000 29.000000 29.000000 28.900791 28.998619 29.000000 28.996334 29.000000 29.000000 29.000000 29.000000 28.900000 28.700001 27.399368 27.399349 27.399328 27.399309 27.399254 27.399235 27.399214 27.900000 27.900000 27.942059 28.392984 28.735550 28.798843 28.696623 28.486084 27.879881 27.400000 27.540770 27.544870 27.400000 27.400000 27.400000 27.400000 27.500000 27.500000 27.400000 27.300001 27.300001 27.400000 27.402750 27.342867 27.110411 26.878345 26.680374 26.593927 26.490738
29.000000 29.000000 28.987864 28.900000 28.899750 28.800001 28.800001 28.800001 28.778343 29.100000 29.100000 29.000000 29.000000 29.000000 29.000000 29.000000 29.000000 29.000000 29.000000 29.000000 29.000000 29.000000 29.000000 29.000000 27.399387 27.399406 27.399426 27.399290 27.399273 28.200001 28.196539 28.116127 28.100000 28.167648 28.527262 28.997812 29.000000 29.000000 28.716343 28.284601 27.899008 27.700001 27.500000 27.477495 27.470503 27.400000 27.400000 27.423859 27.500000 27.498308 27.400000 27.300001 27.400000 27.400000 27.200052 27.000000 26.900000 26.797707 26.700001 26.600000
0.000000 29.000000 29.000000 28.997782 28.900000 28.976507 28.900000 28.871956 28.832937 29.000000 29.000000 29.000000 29.000000 29.000000 29.000000 29.000000 29.000000 29.000000 29.000000 29.000000 29.000000 29.000000 29.000000 29.000000 29.000000 28.967651 27.399445 28.600000 28.507418 28.492752 28.400000 28.394531 28.300001 28.298410 28.500000 28.863951 28.939112 29.000000 28.913160 28.630127 28.216112 27.909321 27.705982 27.624886 27.594784 27.466257 27.471577 27.447718 27.500000 27.500000 27.424513 27.359037 27.300001 27.200439 27.100000 27.000000 26.900000 26.897398 26.886475 26.752028
0.000000 0.000000 29.000000 29.000000 28.999865 29.000000 29.000000 29.000000 28.845659 28.900000 29.000000 29.000000 29.000000 29.000000 29.000000 29.000000 29.000000 29.000000 29.000000 29.000000 29.000000 29.000000 29.000000 29.000000 29.000000 29.000000 27.399464 27.399559 27.399578 28.712103 28.600000 28.600000 28.499472 28.400000 28.540812 28.742315 28.900000 28.900000 28.900000 28.700001 28.399958 28.100000 27.900000 27.800001 27.700001 27.672167 27.600000 27.600000 27.600000 27.593327 27.500000 27.400000 27.300001 27.200001 27.200001 27.100000 27.000000 27.000000 26.999994 26.842104
0.000000 0.000000 0.000000 29.000000 29.000000 29.000000 28.900000 28.900000 28.900000 28.900000 29.000000 29.000000 29.000000 29.000000 29.000000 29.000000 29.000000 29.000000 29.000000 29.000000 29.000000 29.000000 29.000000 29.000000 29.000000 29.068882 27.399483 27.399540 27.399597 28.932812 28.899216 28.800001 28.700001 28.600000 28.600000 28.700001 28.700001 28.708158 28.700001 28.600000 28.500000 28.334770 28.196972 28.014942 27.905336 27.829781 27.800001 27.700001 27.700001 27.600000 27.553593 27.500000 27.400000 27.345739 27.300001 27.199749 27.100000 27.100000 27.100000 26.900818
0.000000 0.000000 0.000000 0.000000 29.000000 29.000000 29.000000 28.916283 29.000000 29.000000 29.000000 29.000000 29.000000 29.000000 29.000000 29.000000 29.000000 29.000000 29.000000 29.000000 29.000000 29.000000 29.000000 29.000000 29.019577 29.100000 27.399502 27.399521 27.399616 28.966406 29.000000 29.000000 28.826820 28.700001 28.600000 28.600000 28.600000 28.600000 28.507658 28.500000 28.500000 28.327375 28.200001 28.100000 28.000000 28.000000 27.900000 27.834780 27.800001 27.700001 27.600000 27.600000 27.500000 27.448645 27.365215 27.265532 27.200001 27.200001 27.200001 27.061710
